WR1: (0.0,0.0)(-0.8,5.8)(-1.1,6.9)(-2.3,8.6)(-3.1,10.3)(-3.7,14.9)(-3.9,21.4)(-4.0,27.5)	LINEUP: [-20.0,0.0]
WR2: (0.0,0.0)(-1.0,9.8)(-4.0,14.2)(-10.3,18.9)(-17.7,22.6)(-23.5,23.2)	LINEUP: [15.0,-1.0]
WR3: (0.0,0.0)(-0.7,6.1)(-0.1,9.2)(0.4,14.4)(0.1,27.3)	LINEUP: [25.0,0.0]
TE: (0.0,0.0)(-0.5,9.4)(0.7,11.7)(-13.0,12.4)	LINEUP: [-12.0,-1.0]
LT: 	LINEUP: [-8.0,-0.5]
LG: 	LINEUP: [-4.0,0.0]
C: 	LINEUP: [0.0,0.0]
RG: 	LINEUP: [4.0,0.0]
RT: 	LINEUP: [8.0,-0.5]
QB: 	LINEUP: [0.0,-3.0]
HB: (0.0,0.0)(-10.7,-0.7)(-14.9,-0.2)(-20.1,1.5)(-23.2,3.9)	LINEUP: [0.0,-7.0]
