WR1: (-20.0,0.0)(-23.2,8.1)(-19.2,6.8)	LINEUP: [-68.9,12.7]
WR1: (-20.0,0.0)(-23.2,8.1)(-19.2,6.8)	LINEUP: [-20.0,0.0]
WR2: (15.0,-1.0)(16.3,10.8)(26.2,18.7)	LINEUP: [15.0,-1.0]
WR3: (25.0,0.0)(27.1,9.4)(21.3,7.0)	LINEUP: [25.0,0.0]
TE: (-12.0,-1.0)(-13.5,10.4)(-24.3,19.9)	LINEUP: [-12.0,-1.0]
LT: 	LINEUP: [-8.0,-0.5]
LG: 	LINEUP: [-4.0,0.0]
C: 	LINEUP: [0.0,0.0]
RG: 	LINEUP: [4.0,0.0]
RT: 	LINEUP: [8.0,-0.5]
QB: 	LINEUP: [0.0,-3.0]
HB: (0.0,-7.0)(-9.4,-7.4)(-13.4,-7.1)(-17.3,-6.6)(-20.1,-5.6)(-21.6,-4.0)	LINEUP: [0.0,-7.0]
WR1: (-20.0,0.0)(-23.2,8.1)(-19.2,6.8)	LINEUP: [-68.9,12.7]
