HB: (0.0,-7.0)(3.9,-6.6)(10.0,-4.4)(11.5,1.3)(7.4,5.8)(1.2,7.5)	LINEUP: [0.0,-7.0]
QB: 	LINEUP: [0.0,-3.0]
RT: 	LINEUP: [8.0,-0.5]
RG: 	LINEUP: [4.0,0.0]
C: 	LINEUP: [0.0,0.0]
LG: 	LINEUP: [-4.0,0.0]
LT: 	LINEUP: [-8.0,-0.5]
TE: (-12.0,-1.0)(-13.6,2.9)(-15.5,3.9)(-22.8,4.9)	LINEUP: [-12.0,-1.0]
WR3: (25.0,0.0)(24.6,17.5)(22.3,21.7)(20.0,19.3)	LINEUP: [25.0,0.0]
WR2: (15.0,-1.0)(15.5,2.9)(18.2,5.1)(24.7,6.0)	LINEUP: [15.0,-1.0]
WR1: (-20.0,0.0)(-20.9,18.2)(-19.3,21.2)(-17.5,18.6)	LINEUP: [-20.0,0.0]
WR1: (-20.0,0.0)(-20.9,18.2)(-19.3,21.2)(-17.5,18.6)	LINEUP: [-68.9,12.7]
