Difficulty:EASY
Pocket Scale:(5.5, 0.2, 5.5)
TIME_BETWEEN_TARGET_CHANGES:5
NUM_TURRETS:5
(28.00346,0.61,51.79)
(37.85,0.61,41.68)
(33.81,0.61,49.06)
(22.38,0.61,50.23)
(18.49,0.61,41.68)
TURRET_FIRE_RATE:2
NUM_TARGETS:7
(31.23,1.38,67.33)
(44.91259,1.38,56.19521)
(17.73,1.38,53.65404)
(20.16,1.38,63.12)
(36.77,1.38,55.77)
(23.02,0.7,46.834)
(37.333,0.7,46.834)
(0.4718429,0.4718429,0.4718429)
(0.4718429,0.4718429,0.4718429)
(0.4718429,0.4718429,0.4718429)
(0.4718429,0.4718429,0.4718429)
(0.4718429,0.4718429,0.4718429)
(0.3057577,0.3057577,0.3057577)
(0.3057577,0.3057577,0.3057577)
BRONZE:200
SILVER:1000
GOLD:1800
