Difficulty:PETERMAN
Pocket Scale:(5.5, 0.2, 5.5)
TIME_BETWEEN_TARGET_CHANGES:4
NUM_TURRETS:7
(36.22,0.61,45.46)
(19.77,0.61,44.97)
(28.00346,0.61,51.79)
(37.85,0.61,41.68)
(33.81,0.61,49.06)
(22.38,0.61,50.23)
(18.49,0.61,41.68)
TURRET_FIRE_RATE:1
NUM_TARGETS:9
(35.845,1.13,61.724)
(27.983,0.73,58.05)
(31.15,1.38,79.2)
(48.86,1.38,61.28)
(17.15,0.72,53.966)
(17.52,1.38,68.26)
(36.795,0.88,56.205)
(22.433,-0.09,47.15)
(36.955,0.41,47.037)
(0.4156083,0.4156083,0.4156083)
(0.3618705,0.3618705,0.3618705)
(0.4718429,0.4718429,0.4718429)
(0.4718429,0.4718429,0.4718429)
(0.3815841,0.3815841,0.3815841)
(0.4718429,0.4718429,0.4718429)
(0.4121548,0.4121548,0.4121548)
(0.2143487,0.2143487,0.2143487)
(0.2469207,0.2469207,0.2469207)
BRONZE:200
SILVER:1000
GOLD:1800
